    401
    0.00   938.999999        2300.390366
    0.50   937.907310        2299.663827
    1.00   936.815038        2298.937594
    1.50   935.723183        2298.211668
    2.00   934.631747        2297.486051
    2.50   933.540730        2296.760743
    3.00   932.450133        2296.035745
    3.50   931.359959        2295.311057
    4.00   930.270207        2294.586681
    4.50   929.180879        2293.862617
    5.00   928.091975        2293.138866
    5.50   927.003498        2292.415428
    6.00   925.915448        2291.692305
    6.50   924.827825        2290.969498
    7.00   923.740632        2290.247006
    7.50   922.653870        2289.524831
    8.00   921.567539        2288.802974
    8.50   920.481640        2288.081435
    9.00   919.396175        2287.360216
    9.50   918.311145        2286.639316
   10.00   917.226551        2285.918737
   10.50   916.142394        2285.198480
   11.00   915.058675        2284.478546
   11.50   913.975395        2283.758934
   12.00   912.892556        2283.039647
   12.50   911.810158        2282.320685
   13.00   910.728203        2281.602048
   13.50   909.646692        2280.883738
   14.00   908.565626        2280.165755
   14.50   907.485006        2279.448100
   15.00   906.404834        2278.730774
   15.50   905.325110        2278.013779
   16.00   904.245836        2277.297114
   16.50   903.167012        2276.580780
   17.00   902.088641        2275.864779
   17.50   901.010723        2275.149111
   18.00   899.933259        2274.433777
   18.50   898.856251        2273.718778
   19.00   897.779699        2273.004114
   19.50   896.703606        2272.289788
   20.00   895.627971        2271.575798
   20.50   894.552798        2270.862148
   21.00   893.478085        2270.148836
   21.50   892.403836        2269.435864
   22.00   891.330051        2268.723234
   22.50   890.256730        2268.010945
   23.00   889.183877        2267.298999
   23.50   888.111491        2266.587396
   24.00   887.039574        2265.876138
   24.50   885.968127        2265.165226
   25.00   884.897152        2264.454659
   25.50   883.826649        2263.744440
   26.00   882.756621        2263.034569
   26.50   881.687067        2262.325046
   27.00   880.617990        2261.615874
   27.50   879.549391        2260.907052
   28.00   878.481271        2260.198582
   28.50   877.413631        2259.490464
   29.00   876.346473        2258.782700
   29.50   875.279797        2258.075291
   30.00   874.213606        2257.368236
   30.50   873.147900        2256.661538
   31.00   872.082681        2255.955197
   31.50   871.017950        2255.249214
   32.00   869.953708        2254.543591
   32.50   868.889957        2253.838327
   33.00   867.826698        2253.133424
   33.50   866.763933        2252.428883
   34.00   865.701661        2251.724705
   34.50   864.639886        2251.020890
   35.00   863.578609        2250.317441
   35.50   862.517829        2249.614357
   36.00   861.457550        2248.911639
   36.50   860.397773        2248.209290
   37.00   859.338497        2247.507308
   37.50   858.279726        2246.805697
   38.00   857.221461        2246.104456
   38.50   856.163702        2245.403586
   39.00   855.106452        2244.703089
   39.50   854.049711        2244.002965
   40.00   852.993481        2243.303216
   40.50   851.937763        2242.603842
   41.00   850.882559        2241.904845
   41.50   849.827870        2241.206225
   42.00   848.773698        2240.507984
   42.50   847.720044        2239.810122
   43.00   846.666909        2239.112640
   43.50   845.614294        2238.415540
   44.00   844.562203        2237.718823
   44.50   843.510634        2237.022489
   45.00   842.459591        2236.326539
   45.50   841.409074        2235.630976
   46.00   840.359086        2234.935798
   46.50   839.309627        2234.241009
   47.00   838.260698        2233.546608
   47.50   837.212302        2232.852597
   48.00   836.164440        2232.158976
   48.50   835.117113        2231.465748
   49.00   834.070323        2230.772912
   49.50   833.024071        2230.080470
   50.00   831.978359        2229.388423
   50.50   830.933188        2228.696773
   51.00   829.888560        2228.005519
   51.50   828.844476        2227.314664
   52.00   827.800938        2226.624208
   52.50   826.757947        2225.934152
   53.00   825.715505        2225.244498
   53.50   824.673613        2224.555246
   54.00   823.632274        2223.866398
   54.50   822.591487        2223.177955
   55.00   821.551256        2222.489917
   55.50   820.511580        2221.802287
   56.00   819.472463        2221.115064
   56.50   818.433906        2220.428251
   57.00   817.395910        2219.741848
   57.50   816.358476        2219.055856
   58.00   815.321607        2218.370277
   58.50   814.285304        2217.685111
   59.00   813.249568        2217.000361
   59.50   812.214402        2216.316026
   60.00   811.179806        2215.632108
   60.50   810.145782        2214.948609
   61.00   809.112332        2214.265529
   61.50   808.079458        2213.582869
   62.00   807.047161        2212.900631
   62.50   806.015443        2212.218816
   63.00   804.984305        2211.537425
   63.50   803.953750        2210.856459
   64.00   802.923778        2210.175919
   64.50   801.894391        2209.495807
   65.00   800.865592        2208.816124
   65.50   799.837381        2208.136871
   66.00   798.809760        2207.458049
   66.50   797.782732        2206.779659
   67.00   796.756298        2206.101702
   67.50   795.730458        2205.424180
   68.00   794.705216        2204.747094
   68.50   793.680573        2204.070446
   69.00   792.656531        2203.394235
   69.50   791.633090        2202.718464
   70.00   790.610254        2202.043134
   70.50   789.588023        2201.368246
   71.00   788.566400        2200.693801
   71.50   787.545386        2200.019801
   72.00   786.524983        2199.346247
   72.50   785.505193        2198.673139
   73.00   784.486017        2198.000480
   73.50   783.467458        2197.328270
   74.00   782.449517        2196.656511
   74.50   781.432195        2195.985205
   75.00   780.415495        2195.314351
   75.50   779.399418        2194.643952
   76.00   778.383967        2193.974009
   76.50   777.369142        2193.304523
   77.00   776.354946        2192.635496
   77.50   775.341381        2191.966928
   78.00   774.328449        2191.298822
   78.50   773.316150        2190.631177
   79.00   772.304488        2189.963997
   79.50   771.293464        2189.297281
   80.00   770.283080        2188.631032
   80.50   769.273337        2187.965251
   81.00   768.264238        2187.299938
   81.50   767.255785        2186.635096
   82.00   766.247978        2185.970725
   82.50   765.240821        2185.306828
   83.00   764.234316        2184.643405
   83.50   763.228463        2183.980457
   84.00   762.223265        2183.317987
   84.50   761.218724        2182.655995
   85.00   760.214842        2181.994483
   85.50   759.211620        2181.333452
   86.00   758.209061        2180.672904
   86.50   757.207167        2180.012839
   87.00   756.205939        2179.353260
   87.50   755.205380        2178.694168
   88.00   754.205492        2178.035564
   88.50   753.206276        2177.377449
   89.00   752.207734        2176.719825
   89.50   751.209869        2176.062694
   90.00   750.212682        2175.406057
   90.50   749.216176        2174.749915
   91.00   748.220352        2174.094269
   91.50   747.225212        2173.439122
   92.00   746.230760        2172.784474
   92.50   745.236995        2172.130327
   93.00   744.243922        2171.476683
   93.50   743.251541        2170.823543
   94.00   742.259855        2170.170908
   94.50   741.268865        2169.518779
   95.00   740.278574        2168.867160
   95.50   739.288985        2168.216050
   96.00   738.300098        2167.565451
   96.50   737.311917        2166.915365
   97.00   736.324442        2166.265794
   97.50   735.337678        2165.616738
   98.00   734.351624        2164.968200
   98.50   733.366284        2164.320180
   99.00   732.381660        2163.672681
   99.50   731.397754        2163.025704
  100.00   730.414568        2162.379250
  100.50   729.432104        2161.733321
  101.00   728.450365        2161.087919
  101.50   727.469352        2160.443044
  102.00   726.489067        2159.798700
  102.50   725.509514        2159.154886
  103.00   724.530694        2158.511605
  103.50   723.552609        2157.868859
  104.00   722.575262        2157.226649
  104.50   721.598655        2156.584976
  105.00   720.622789        2155.943842
  105.50   719.647668        2155.303248
  106.00   718.673294        2154.663197
  106.50   717.699668        2154.023690
  107.00   716.726794        2153.384729
  107.50   715.754672        2152.746315
  108.00   714.783307        2152.108449
  108.50   713.812699        2151.471134
  109.00   712.842852        2150.834371
  109.50   711.873767        2150.198161
  110.00   710.905447        2149.562507
  110.50   709.937894        2148.927410
  111.00   708.971111        2148.292871
  111.50   708.005100        2147.658893
  112.00   707.039863        2147.025477
  112.50   706.075402        2146.392625
  113.00   705.111721        2145.760338
  113.50   704.148821        2145.128618
  114.00   703.186705        2144.497467
  114.50   702.225375        2143.866887
  115.00   701.264833        2143.236878
  115.50   700.305083        2142.607444
  116.00   699.346126        2141.978585
  116.50   698.387965        2141.350304
  117.00   697.430602        2140.722602
  117.50   696.474040        2140.095481
  118.00   695.518281        2139.468942
  118.50   694.563328        2138.842988
  119.00   693.609184        2138.217620
  119.50   692.655850        2137.592841
  120.00   691.703329        2136.968651
  120.50   690.751624        2136.345052
  121.00   689.800737        2135.722047
  121.50   688.850671        2135.099637
  122.00   687.901428        2134.477824
  122.50   686.953011        2133.856609
  123.00   686.005423        2133.235996
  123.50   685.058665        2132.615985
  124.00   684.112742        2131.996578
  124.50   683.167654        2131.377777
  125.00   682.223405        2130.759584
  125.50   681.279998        2130.142001
  126.00   680.337434        2129.525030
  126.50   679.395718        2128.908672
  127.00   678.454850        2128.292930
  127.50   677.514835        2127.677805
  128.00   676.575674        2127.063299
  128.50   675.637370        2126.449415
  129.00   674.699926        2125.836153
  129.50   673.763345        2125.223517
  130.00   672.827629        2124.611507
  130.50   671.892782        2124.000126
  131.00   670.958805        2123.389376
  131.50   670.025701        2122.779259
  132.00   669.093474        2122.169776
  132.50   668.162125        2121.560930
  133.00   667.231659        2120.952722
  133.50   666.302077        2120.345155
  134.00   665.373382        2119.738231
  134.50   664.445578        2119.131951
  135.00   663.518666        2118.526318
  135.50   662.592650        2117.921333
  136.00   661.667532        2117.316999
  136.50   660.743316        2116.713317
  137.00   659.820004        2116.110290
  137.50   658.897600        2115.507920
  138.00   657.976105        2114.906208
  138.50   657.055523        2114.305157
  139.00   656.135856        2113.704769
  139.50   655.217109        2113.105045
  140.00   654.299282        2112.505989
  140.50   653.382381        2111.907602
  141.00   652.466406        2111.309885
  141.50   651.551362        2110.712842
  142.00   650.637251        2110.116475
  142.50   649.724077        2109.520784
  143.00   648.811841        2108.925773
  143.50   647.900548        2108.331444
  144.00   646.990200        2107.737799
  144.50   646.080800        2107.144840
  145.00   645.172352        2106.552569
  145.50   644.264857        2105.960988
  146.00   643.358321        2105.370099
  146.50   642.452744        2104.779906
  147.00   641.548131        2104.190409
  147.50   640.644484        2103.601611
  148.00   639.741807        2103.013514
  148.50   638.840103        2102.426121
  149.00   637.939374        2101.839433
  149.50   637.039625        2101.253454
  150.00   636.140857        2100.668184
  150.50   635.243075        2100.083627
  151.00   634.346281        2099.499784
  151.50   633.450479        2098.916659
  152.00   632.555671        2098.334252
  152.50   631.661862        2097.752567
  153.00   630.769053        2097.171606
  153.50   629.877249        2096.591371
  154.00   628.986453        2096.011864
  154.50   628.096667        2095.433088
  155.00   627.207895        2094.855044
  155.50   626.320141        2094.277737
  156.00   625.433408        2093.701166
  156.50   624.547698        2093.125336
  157.00   623.663016        2092.550248
  157.50   622.779364        2091.975905
  158.00   621.896746        2091.402309
  158.50   621.015166        2090.829463
  159.00   620.134626        2090.257368
  159.50   619.255130        2089.686028
  160.00   618.376681        2089.115444
  160.50   617.499283        2088.545620
  161.00   616.622939        2087.976557
  161.50   615.747653        2087.408258
  162.00   614.873427        2086.840726
  162.50   614.000267        2086.273962
  163.00   613.128174        2085.707970
  163.50   612.257152        2085.142752
  164.00   611.387205        2084.578310
  164.50   610.518337        2084.014647
  165.00   609.650550        2083.451766
  165.50   608.783848        2082.889668
  166.00   607.918236        2082.328357
  166.50   607.053716        2081.767834
  167.00   606.190292        2081.208103
  167.50   605.327967        2080.649166
  168.00   604.466746        2080.091026
  168.50   603.606631        2079.533685
  169.00   602.747627        2078.977146
  169.50   601.889737        2078.421410
  170.00   601.032964        2077.866482
  170.50   600.177312        2077.312364
  171.00   599.322786        2076.759057
  171.50   598.469388        2076.206566
  172.00   597.617122        2075.654891
  172.50   596.765993        2075.104037
  173.00   595.916003        2074.554006
  173.50   595.067156        2074.004800
  174.00   594.219457        2073.456422
  174.50   593.372908        2072.908875
  175.00   592.527515        2072.362161
  175.50   591.683280        2071.816284
  176.00   590.840207        2071.271245
  176.50   589.998300        2070.727049
  177.00   589.157563        2070.183696
  177.50   588.318000        2069.641191
  178.00   587.479615        2069.099535
  178.50   586.642411        2068.558732
  179.00   585.806393        2068.018785
  179.50   584.971564        2067.479696
  180.00   584.137928        2066.941468
  180.50   583.305489        2066.404103
  181.00   582.474251        2065.867606
  181.50   581.644218        2065.331978
  182.00   580.815395        2064.797222
  182.50   579.987784        2064.263341
  183.00   579.161390        2063.730339
  183.50   578.336217        2063.198217
  184.00   577.512270        2062.666979
  184.50   576.689551        2062.136628
  185.00   575.868065        2061.607166
  185.50   575.047817        2061.078597
  186.00   574.228809        2060.550924
  186.50   573.411048        2060.024148
  187.00   572.594535        2059.498274
  187.50   571.779276        2058.973305
  188.00   570.965275        2058.449242
  188.50   570.152536        2057.926090
  189.00   569.341063        2057.403851
  189.50   568.530860        2056.882529
  190.00   567.721931        2056.362125
  190.50   566.914282        2055.842644
  191.00   566.107915        2055.324088
  191.50   565.302835        2054.806460
  192.00   564.499046        2054.289764
  192.50   563.696554        2053.774002
  193.00   562.895361        2053.259178
  193.50   562.095472        2052.745294
  194.00   561.296892        2052.232354
  194.50   560.499625        2051.720361
  195.00   559.703676        2051.209318
  195.50   558.909048        2050.699228
  196.00   558.115745        2050.190094
  196.50   557.323774        2049.681920
  197.00   556.533137        2049.174708
  197.50   555.743839        2048.668462
  198.00   554.955885        2048.163184
  198.50   554.169280        2047.658879
  199.00   553.384026        2047.155549
  199.50   552.600130        2046.653198
  200.00   551.817596        2046.151829
