    401
    0.00   938.999996        2312.125917
    0.50   938.005745        2311.463891
    1.00   937.012077        2310.802278
    1.50   936.018996        2310.141078
    2.00   935.026503        2309.480294
    2.50   934.034598        2308.819925
    3.00   933.043285        2308.159974
    3.50   932.052563        2307.500440
    4.00   931.062436        2306.841326
    4.50   930.072904        2306.182632
    5.00   929.083970        2305.524359
    5.50   928.095634        2304.866509
    6.00   927.107899        2304.209083
    6.50   926.120766        2303.552081
    7.00   925.134236        2302.895505
    7.50   924.148312        2302.239356
    8.00   923.162994        2301.583634
    8.50   922.178285        2300.928342
    9.00   921.194187        2300.273481
    9.50   920.210700        2299.619050
   10.00   919.227827        2298.965052
   10.50   918.245569        2298.311488
   11.00   917.263928        2297.658359
   11.50   916.282905        2297.005666
   12.00   915.302503        2296.353409
   12.50   914.322723        2295.701591
   13.00   913.343566        2295.050213
   13.50   912.365035        2294.399275
   14.00   911.387130        2293.748778
   14.50   910.409855        2293.098725
   15.00   909.433210        2292.449116
   15.50   908.457197        2291.799952
   16.00   907.481818        2291.151234
   16.50   906.507075        2290.502964
   17.00   905.532969        2289.855143
   17.50   904.559503        2289.207772
   18.00   903.586677        2288.560853
   18.50   902.614494        2287.914385
   19.00   901.642956        2287.268371
   19.50   900.672064        2286.622813
   20.00   899.701820        2285.977710
   20.50   898.732226        2285.333064
   21.00   897.763283        2284.688877
   21.50   896.794994        2284.045150
   22.00   895.827360        2283.401883
   22.50   894.860383        2282.759079
   23.00   893.894065        2282.116738
   23.50   892.928408        2281.474862
   24.00   891.963413        2280.833452
   24.50   890.999083        2280.192509
   25.00   890.035419        2279.552035
   25.50   889.072423        2278.912030
   26.00   888.110097        2278.272496
   26.50   887.148443        2277.633434
   27.00   886.187462        2276.994846
   27.50   885.227157        2276.356733
   28.00   884.267530        2275.719096
   28.50   883.308581        2275.081936
   29.00   882.350315        2274.445255
   29.50   881.392731        2273.809054
   30.00   880.435832        2273.173335
   30.50   879.479620        2272.538097
   31.00   878.524097        2271.903344
   31.50   877.569265        2271.269076
   32.00   876.615126        2270.635295
   32.50   875.661682        2270.002001
   33.00   874.708934        2269.369197
   33.50   873.756885        2268.736883
   34.00   872.805536        2268.105061
   34.50   871.854890        2267.473732
   35.00   870.904949        2266.842898
   35.50   869.955714        2266.212559
   36.00   869.007188        2265.582719
   36.50   868.059372        2264.953376
   37.00   867.112269        2264.324534
   37.50   866.165881        2263.696193
   38.00   865.220209        2263.068355
   38.50   864.275256        2262.441021
   39.00   863.331023        2261.814193
   39.50   862.387514        2261.187872
   40.00   861.444729        2260.562059
   40.50   860.502670        2259.936755
   41.00   859.561341        2259.311963
   41.50   858.620743        2258.687684
   42.00   857.680878        2258.063919
   42.50   856.741748        2257.440669
   43.00   855.803355        2256.817935
   43.50   854.865702        2256.195720
   44.00   853.928790        2255.574025
   44.50   852.992622        2254.952851
   45.00   852.057199        2254.332200
   45.50   851.122525        2253.712073
   46.00   850.188600        2253.092471
   46.50   849.255428        2252.473397
   47.00   848.323010        2251.854850
   47.50   847.391348        2251.236834
   48.00   846.460445        2250.619349
   48.50   845.530303        2250.002398
   49.00   844.600924        2249.385980
   49.50   843.672310        2248.770099
   50.00   842.744463        2248.154755
   50.50   841.817387        2247.539950
   51.00   840.891082        2246.925685
   51.50   839.965551        2246.311962
   52.00   839.040796        2245.698783
   52.50   838.116820        2245.086149
   53.00   837.193625        2244.474061
   53.50   836.271213        2243.862522
   54.00   835.349587        2243.251532
   54.50   834.428748        2242.641093
   55.00   833.508698        2242.031207
   55.50   832.589442        2241.421875
   56.00   831.670979        2240.813100
   56.50   830.753314        2240.204881
   57.00   829.836447        2239.597222
   57.50   828.920382        2238.990124
   58.00   828.005121        2238.383587
   58.50   827.090666        2237.777615
   59.00   826.177019        2237.172207
   59.50   825.264184        2236.567367
   60.00   824.352161        2235.963096
   60.50   823.440954        2235.359394
   61.00   822.530566        2234.756265
   61.50   821.620997        2234.153709
   62.00   820.712251        2233.551729
   62.50   819.804331        2232.950325
   63.00   818.897238        2232.349499
   63.50   817.990975        2231.749254
   64.00   817.085544        2231.149590
   64.50   816.180949        2230.550510
   65.00   815.277190        2229.952015
   65.50   814.374272        2229.354107
   66.00   813.472196        2228.756787
   66.50   812.570964        2228.160058
   67.00   811.670580        2227.563920
   67.50   810.771046        2226.968376
   68.00   809.872364        2226.373427
   68.50   808.974537        2225.779075
   69.00   808.077567        2225.185322
   69.50   807.181456        2224.592169
   70.00   806.286208        2223.999619
   70.50   805.391826        2223.407672
   71.00   804.498310        2222.816331
   71.50   803.605665        2222.225598
   72.00   802.713892        2221.635473
   72.50   801.822994        2221.045960
   73.00   800.932975        2220.457059
   73.50   800.043835        2219.868773
   74.00   799.155579        2219.281103
   74.50   798.268208        2218.694051
   75.00   797.381726        2218.107619
   75.50   796.496134        2217.521809
   76.00   795.611437        2216.936622
   76.50   794.727635        2216.352060
   77.00   793.844732        2215.768126
   77.50   792.962731        2215.184820
   78.00   792.081634        2214.602146
   78.50   791.201444        2214.020103
   79.00   790.322164        2213.438696
   79.50   789.443796        2212.857925
   80.00   788.566344        2212.277792
   80.50   787.689809        2211.698299
   81.00   786.814195        2211.119448
   81.50   785.939504        2210.541241
   82.00   785.065739        2209.963679
   82.50   784.192903        2209.386765
   83.00   783.320999        2208.810501
   83.50   782.450030        2208.234888
   84.00   781.579998        2207.659929
   84.50   780.710906        2207.085624
   85.00   779.842756        2206.511977
   85.50   778.975553        2205.938989
   86.00   778.109298        2205.366663
   86.50   777.243995        2204.794999
   87.00   776.379646        2204.224000
   87.50   775.516254        2203.653669
   88.00   774.653823        2203.084006
   88.50   773.792354        2202.515014
   89.00   772.931852        2201.946695
   89.50   772.072318        2201.379051
   90.00   771.213756        2200.812084
   90.50   770.356168        2200.245796
   91.00   769.499559        2199.680188
   91.50   768.643930        2199.115264
   92.00   767.789284        2198.551025
   92.50   766.935625        2197.987472
   93.00   766.082955        2197.424609
   93.50   765.231279        2196.862437
   94.00   764.380597        2196.300958
   94.50   763.530914        2195.740174
   95.00   762.682233        2195.180088
   95.50   761.834557        2194.620701
   96.00   760.987888        2194.062016
   96.50   760.142230        2193.504034
   97.00   759.297585        2192.946758
   97.50   758.453958        2192.390189
   98.00   757.611351        2191.834331
   98.50   756.769766        2191.279185
   99.00   755.929208        2190.724752
   99.50   755.089680        2190.171037
  100.00   754.251184        2189.618039
  100.50   753.413723        2189.065763
  101.00   752.577302        2188.514209
  101.50   751.741922        2187.963380
  102.00   750.907587        2187.413278
  102.50   750.074301        2186.863906
  103.00   749.242067        2186.315265
  103.50   748.410887        2185.767358
  104.00   747.580765        2185.220186
  104.50   746.751704        2184.673753
  105.00   745.923708        2184.128061
  105.50   745.096780        2183.583111
  106.00   744.270923        2183.038906
  106.50   743.446140        2182.495448
  107.00   742.622434        2181.952739
  107.50   741.799810        2181.410782
  108.00   740.978270        2180.869580
  108.50   740.157817        2180.329133
  109.00   739.338455        2179.789445
  109.50   738.520188        2179.250517
  110.00   737.703018        2178.712353
  110.50   736.886949        2178.174954
  111.00   736.071985        2177.638323
  111.50   735.258128        2177.102462
  112.00   734.445382        2176.567373
  112.50   733.633751        2176.033060
  113.00   732.823238        2175.499523
  113.50   732.013847        2174.966766
  114.00   731.205580        2174.434790
  114.50   730.398442        2173.903599
  115.00   729.592436        2173.373195
  115.50   728.787565        2172.843579
  116.00   727.983834        2172.314755
  116.50   727.181244        2171.786725
  117.00   726.379800        2171.259492
  117.50   725.579506        2170.733056
  118.00   724.780365        2170.207423
  118.50   723.982381        2169.682592
  119.00   723.185556        2169.158568
  119.50   722.389896        2168.635352
  120.00   721.595403        2168.112947
  120.50   720.802080        2167.591356
  121.00   720.009933        2167.070581
  121.50   719.218963        2166.550624
  122.00   718.429176        2166.031488
  122.50   717.640574        2165.513176
  123.00   716.853161        2164.995689
  123.50   716.066941        2164.479032
  124.00   715.281917        2163.963205
  124.50   714.498095        2163.448212
  125.00   713.715476        2162.934055
  125.50   712.934064        2162.420737
  126.00   712.153865        2161.908261
  126.50   711.374880        2161.396628
  127.00   710.597115        2160.885842
  127.50   709.820572        2160.375905
  128.00   709.045256        2159.866820
  128.50   708.271171        2159.358589
  129.00   707.498320        2158.851215
  129.50   706.726707        2158.344701
  130.00   705.956335        2157.839050
  130.50   705.187210        2157.334263
  131.00   704.419334        2156.830344
  131.50   703.652712        2156.327295
  132.00   702.887348        2155.825119
  132.50   702.123245        2155.323819
  133.00   701.360407        2154.823398
  133.50   700.598838        2154.323857
  134.00   699.838543        2153.825201
  134.50   699.079524        2153.327431
  135.00   698.321787        2152.830550
  135.50   697.565335        2152.334562
  136.00   696.810172        2151.839468
  136.50   696.056303        2151.345272
  137.00   695.303730        2150.851976
  137.50   694.552459        2150.359583
  138.00   693.802493        2149.868097
  138.50   693.053837        2149.377519
  139.00   692.306493        2148.887853
  139.50   691.560468        2148.399101
  140.00   690.815764        2147.911267
  140.50   690.072386        2147.424352
  141.00   689.330337        2146.938361
  141.50   688.589623        2146.453296
  142.00   687.850247        2145.969159
  142.50   687.112213        2145.485954
  143.00   686.375526        2145.003683
  143.50   685.640190        2144.522350
  144.00   684.906208        2144.041956
  144.50   684.173586        2143.562507
  145.00   683.442327        2143.084003
  145.50   682.712436        2142.606448
  146.00   681.983917        2142.129846
  146.50   681.256774        2141.654198
  147.00   680.531012        2141.179509
  147.50   679.806635        2140.705780
  148.00   679.083647        2140.233016
  148.50   678.362052        2139.761218
  149.00   677.641855        2139.290390
  149.50   676.923061        2138.820535
  150.00   676.205673        2138.351656
  150.50   675.489696        2137.883757
  151.00   674.775134        2137.416839
  151.50   674.061992        2136.950906
  152.00   673.350275        2136.485962
  152.50   672.639986        2136.022009
  153.00   671.931130        2135.559050
  153.50   671.223712        2135.097089
  154.00   670.517736        2134.636129
  154.50   669.813207        2134.176172
  155.00   669.110128        2133.717222
  155.50   668.408506        2133.259281
  156.00   667.708343        2132.802354
  156.50   667.009646        2132.346444
  157.00   666.312417        2131.891552
  157.50   665.616663        2131.437683
  158.00   664.922387        2130.984840
  158.50   664.229594        2130.533027
  159.00   663.538289        2130.082245
  159.50   662.848476        2129.632498
  160.00   662.160160        2129.183791
  160.50   661.473346        2128.736125
  161.00   660.788038        2128.289504
  161.50   660.104241        2127.843932
  162.00   659.421960        2127.399411
  162.50   658.741199        2126.955945
  163.00   658.061964        2126.513538
  163.50   657.384259        2126.072192
  164.00   656.708088        2125.631911
  164.50   656.033456        2125.192697
  165.00   655.360369        2124.754556
  165.50   654.688831        2124.317489
  166.00   654.018847        2123.881500
  166.50   653.350422        2123.446593
  167.00   652.683560        2123.012771
  167.50   652.018267        2122.580037
  168.00   651.354546        2122.148395
  168.50   650.692405        2121.717847
  169.00   650.031846        2121.288398
  169.50   649.372875        2120.860051
  170.00   648.715497        2120.432809
  170.50   648.059717        2120.006676
  171.00   647.405539        2119.581656
  171.50   646.752970        2119.157751
  172.00   646.102013        2118.734964
  172.50   645.452674        2118.313301
  173.00   644.804958        2117.892764
  173.50   644.158870        2117.473356
  174.00   643.514414        2117.055081
  174.50   642.871596        2116.637943
  175.00   642.230422        2116.221945
  175.50   641.590895        2115.807091
  176.00   640.953021        2115.393384
  176.50   640.316806        2114.980828
  177.00   639.682254        2114.569426
  177.50   639.049371        2114.159182
  178.00   638.418161        2113.750100
  178.50   637.788630        2113.342183
  179.00   637.160783        2112.935435
  179.50   636.534625        2112.529859
  180.00   635.910162        2112.125459
  180.50   635.287398        2111.722238
  181.00   634.666339        2111.320201
  181.50   634.046990        2110.919351
  182.00   633.429356        2110.519692
  182.50   632.813443        2110.121227
  183.00   632.199256        2109.723960
  183.50   631.586800        2109.327895
  184.00   630.976081        2108.933035
  184.50   630.367103        2108.539384
  185.00   629.759873        2108.146947
  185.50   629.154395        2107.755725
  186.00   628.550675        2107.365725
  186.50   627.948718        2106.976948
  187.00   627.348530        2106.589400
  187.50   626.750116        2106.203083
  188.00   626.153481        2105.818001
  188.50   625.558632        2105.434159
  189.00   624.965573        2105.051561
  189.50   624.374309        2104.670209
  190.00   623.784847        2104.290108
  190.50   623.197192        2103.911261
  191.00   622.611349        2103.533673
  191.50   622.027324        2103.157347
  192.00   621.445122        2102.782288
  192.50   620.864749        2102.408499
  193.00   620.286210        2102.035983
  193.50   619.709512        2101.664746
  194.00   619.134659        2101.294790
  194.50   618.561657        2100.926120
  195.00   617.990512        2100.558740
  195.50   617.421230        2100.192653
  196.00   616.853815        2099.827864
  196.50   616.288274        2099.464377
  197.00   615.724613        2099.102195
  197.50   615.162836        2098.741322
  198.00   614.602950        2098.381763
  198.50   614.044961        2098.023521
  199.00   613.488873        2097.666601
  199.50   612.934694        2097.311007
  200.00   612.382427        2096.956741
